4
6
11
25
20
25
0
6
11
11
16
20
8
16
6
18
20
20
20
20
20
20
20
20
20
20
6
9
18
20
18
20
27
25
25
25
25
25
25
25
25
25
25
25
25
25
25
25
25
25
25
25
25
25
25
25
25
25
25
11
16
11
16
20
9
22
20
20
20
20
16
20
20
11
16
20
6
20
20
20
20
20
16
20
16
20
16
20
20
20
20
11
6
11
25
9
9
25
25
28
28
28
28
28
28
28
28
28
28
26
26
26
28
28
28
26
26
26
28
28
28
28
28
28
28
28
28
28
28
28
26
26
28
28
28
28
26
26
26
26
28
28
28
26
28
28
28
28
28
28
26
26
28
28
28
28
28
28
28
28
26
28
28
26
26
26
28
28
28
26
28
28
28
28
28
28
28
28
26
26
26
26
28
28
28
28
28
28
28
26
26
26
26
26
28
28
28
28
28
28
28
28
28
28
26
26
26
28
28
28
28
28
28
28
28
28
28
26
28
28
28
28
28
28
26
26
26
26
28
28
28
28
28
28
26
28
28
28
28
28
28
28
28
28
28
28
26
26
26
26
26
28
28
26
26
26
28
28
28
28
28
28
28
28
28
28
28
28
26
26
26
26
26
26
28
28
28
28
28
28
28
28
28
28
28
26
26
26
26
28
26
26
26
28
28
28
28
28
28
28
28
28
26
26
26
26
26
26
26
26
28
28
28
28
28
28
28
28
28
28
28
26
26
26
28
26
26
26
28
28
28
28
28
28
28
28
28
28
26
26
26
28
28
28
28
28
26
28
28
28
28
28
28
28
28
28
28
28
28
28
28
28
26
26
26
26
26
26
28
28
26
26
28
28
28
28
28
28
28
28
26
28
28
28
28
26
26
26
26
26
26
26
26
28
28
28
26
28
28
28
26
28
28
28
28
28
28
28
28
28
28
28
28
28
28
26
26
26
26
26
26
26
26
28
28
28
26
26
26
26
26
28
28
28
28
28
28
28
28
28
28
28
28
26
28
28
28
28
28
28
26
26
26
28
28
28
28
28
28
28
26
26
26
26
26
26
26
26
28
28
28
28
28
28
28
28
28
26
26
26
26
26
28
28
26
28
28
28
28
26
28
28
28
28
28
28
26
28
28
28
26
26
26
26
26
28
28
28
28
28
28
28
26
26
28
26
26
26
28
28
28
28
28
28
28
28
26
26
26
28
28
28
28
28
26
28
28
28
28
28
26
26
26
26
26
26
28
28
26
28
28
28
28
28
28
28
28
28
28
28
28
28
28
28
28
28
28
28
26
28
28
28
28
28
28
28
28
26
28
28
28
28
28
26
26
28
28
28
28
28
28
28
28
26
26
28
28
28
28
28
28
28
28
28
28
28
28
28
26
26
28
28
28
28
28
28
28
28
28
26
